$ 1 0.000005 10.20027730826997 50 5 50 5e-11
155 720 272 768 272 0 0
g 672 272 672 224 0 0
w 672 272 720 272 0
x 932 279 964 282 6 18 IRQ
w 768 256 768 176 0
x 748 162 783 165 6 18 SET
x 750 453 786 456 6 18 CLR
w 816 272 864 272 0
R 720 304 592 304 0 2 16 5 0 0 0.5
x 518 311 553 314 4 18 CLK
x 837 397 1142 400 4 16 SN74LS74\sEdge-triggered\sD-type\sFlip\sFlop
x 932 423 1028 426 4 16 (Rising\sEdge)
R 768 352 768 416 0 0 40 5 0 0 0.5
x 705 131 825 134 4 14 $EC03\sOutput\sBit\s5
x 923 325 1032 328 4 14 $EC03\sInput\sBit\s0
w 864 272 864 304 0
w 864 320 912 320 0
w 864 272 912 272 0
w 864 304 864 320 0
